0.3333333333333333
0.5
0.6666666666666666
0.5
0.5
0.6666666666666666
0.3333333333333333
0.4444444444444444
0.5
0.4
0.5
0.6666666666666666
1.0
0.6
0.4
0.4
0.3
0.6666666666666666
0.3333333333333333
0.4
0.7
0.4
0.2
0.6
0.4
0.3
0.4
0.9
0.75
0.6
0.3333333333333333
0.25
0.5555555555555556
0.6
0.7
0.5
0.375
0.6666666666666666
0.6666666666666666
0.5555555555555556
0.4
0.5
0.5
0.5
1.0
0.6
0.4
0.4
0.3
1.0
0.16666666666666666
0.6
0.8
0.4
0.5
0.8
0.5
0.4
0.7
0.7
0.625
0.5
0.3333333333333333
0.5
0.7777777777777778
0.7
0.7
